0 0
300 1
600 2
900 3
1200 4
1500 5
1800 6
2100 7
2400 8
2700 9
3000 10
3300 11
3600 12
3900 13
4200 13
4500 13
4800 13
5100 13
5400 13
5700 13
6000 13
6300 13
6600 13
6900 13
7200 13
7500 14
7800 14
8100 14
8400 14
8700 14
9000 14
9300 14
9600 14
9900 14
10200 14
10500 14
10800 14
11100 15
11400 15
11700 15
12000 15
12300 15
12600 15
12900 15
13200 15
13500 15
13800 15
14100 15
14400 15
14700 16
15000 16
15300 16
15600 16
15900 16
16200 16
16500 16
16800 16
17100 16
17400 16
17700 16
18000 16
18300 17
18600 17
18900 17
19200 17
19500 17
19800 17
20100 17
20400 17
20700 17
21000 17
21300 17
21600 17
21900 18
22200 18
22500 18
22800 18
23100 18
23400 18
23700 18
24000 18
24300 18
24600 18
24900 18
25200 18
25500 19
25800 19
26100 19
26400 19
26700 19
27000 19
27300 19
27600 19
27900 19
28200 19
28500 19
28800 19
29100 20
29400 20
29700 20
30000 20
30300 20
30600 20
30900 20
31200 20
31500 20
31800 20
32100 20
32400 20
32700 21
33000 21
33300 21
33600 21
33900 21
34200 21
34500 21
34800 21
35100 21
35400 21
35700 21
36000 21
36300 22
36600 22
36900 22
37200 22
37500 22
37800 22
38100 22
38400 22
38700 22
39000 22
39300 22
39600 22
39900 23
40200 23
40500 23
40800 23
41100 23
41400 23
41700 23
42000 23
42300 23
42600 23
42900 23
43200 23
43500 24
43800 24
44100 24
44400 24
44700 24
45000 24
45300 24
45600 24
45900 24
46200 24
46500 24
46800 24
47100 25
47400 25
47700 25
48000 25
48300 25
48600 25
48900 25
49200 25
49500 25
49800 25
50100 25
50400 25
50700 26
51000 26
51300 26
51600 26
51900 26
52200 26
52500 26
52800 26
53100 26
53400 26
53700 26
54000 26
54300 27
54600 27
54900 27
55200 27
55500 27
55800 27
56100 27
56400 27
56700 27
57000 27
57300 27
57600 27
57900 28
58200 28
58500 28
58800 28
59100 28
59400 28
59700 28
60000 28
60300 28
60600 28
60900 28
61200 28
61500 29
61800 29
62100 29
62400 29
62700 29
63000 29
63300 29
63600 29
63900 29
64200 29
64500 29
64800 29
65100 30
65400 30
65700 30
66000 30
66300 30
66600 30
66900 30
67200 30
67500 30
67800 30
68100 30
68400 30
68700 31
69000 31
69300 31
69600 31
69900 31
70200 31
70500 31
70800 31
71100 31
71400 31
71700 31
72000 31
72300 32
72600 32
72900 32
73200 32
73500 32
73800 32
74100 32
74400 32
74700 32
75000 32
75300 32
75600 32
75900 33
76200 33
76500 33
76800 33
77100 33
77400 33
77700 33
78000 33
78300 33
78600 33
78900 33
79200 33
79500 34
79800 34
80100 34
80400 34
80700 34
81000 34
81300 34
81600 34
81900 34
82200 34
82500 34
82800 34
83100 35
83400 35
83700 35
84000 35
84300 35
84600 35
84900 35
85200 35
85500 35
85800 35
86100 35
86400 35
86700 36
87000 36
87300 36
87600 36
87900 36
88200 36
88500 36
88800 36
89100 36
89400 36
89700 36
90000 36
90300 36
90600 36
90900 36
91200 36
91500 36
91800 36
92100 36
92400 36
92700 36
93000 36
93300 36
93600 36
93900 36
94200 36
94500 36
94800 36
95100 36
95400 36
95700 36
96000 36
96300 36
96600 36
96900 36
97200 36
97500 36
97800 36
98100 36
98400 36
98700 36
99000 36
99300 36
99600 36
99900 36
100200 36
100500 36
100800 36
101100 36
101400 36
101700 36
102000 36
102300 36
102600 36
102900 36
103200 36
103500 36
103800 36
104100 36
104400 36
104700 36
105000 36
105300 36
105600 36
105900 36
106200 36
106500 36
106800 36
107100 36
107400 36
107700 36
108000 36
108300 36
108600 36
108900 36
109200 36
109500 36
109800 36
110100 36
110400 36
110700 36
111000 36
111300 36
111600 36
111900 36
112200 36
112500 36
112800 36
113100 36
113400 36
113700 36
114000 36
114300 36
114600 36
114900 36
115200 36
115500 36
115800 36
116100 36
116400 36
116700 36
117000 36
117300 36
117600 36
117900 36
118200 36
118500 36
118800 36
119100 36
119400 36
119700 36
120000 36
120300 36
120600 36
120900 36
121200 36
121500 36
121800 36
122100 36
122400 36
122700 36
123000 36
123300 36
123600 36
123900 36
124200 36
124500 36
124800 36
125100 36
125400 36
125700 36
126000 36
126300 36
126600 36
126900 36
127200 36
127500 36
127800 36
128100 36
128400 36
128700 36
129000 36
129300 36
129600 36
129900 36
130200 36
130500 36
130800 36
131100 36
131400 36
131700 36
132000 36
132300 36
132600 36
132900 36
133200 36
133500 36
133800 36
134100 36
134400 36
134700 36
135000 36
135300 36
135600 36
135900 36
136200 36
136500 36
136800 36
137100 36
137400 36
137700 36
138000 36
138300 36
138600 36
138900 36
139200 36
139500 36
139800 36
140100 36
140400 36
140700 36
141000 36
141300 36
141600 36
141900 36
142200 36
142500 36
142800 36
143100 36
143400 36
143700 36
144000 36
144300 36
144600 36
144900 36
145200 36
145500 36
145800 36
146100 36
146400 36
146700 36
147000 36
147300 36
147600 36
147900 36
148200 36
148500 36
148800 36
149100 36
149400 36
149700 36
150000 36
150300 36
150600 36
150900 36
151200 36
151500 36
151800 36
152100 36
152400 36
152700 36
153000 36
153300 36
153600 36
153900 36
154200 36
154500 36
154800 36
155100 36
155400 36
155700 36
156000 36
156300 36
156600 36
156900 36
157200 36
157500 36
157800 36
158100 36
158400 36
158700 36
159000 36
159300 36
159600 36
159900 36
160200 36
160500 36
160800 36
161100 36
161400 36
161700 36
162000 36
162300 36
162600 36
162900 36
163200 36
163500 36
163800 36
164100 36
164400 36
164700 36
165000 36
165300 36
165600 36
165900 36
166200 36
166500 36
166800 36
167100 36
167400 36
167700 36
168000 36
168300 36
168600 36
168900 36
169200 36
169500 36
169800 36
170100 36
170400 36
170700 36
171000 36
171300 36
171600 36
171900 36
172200 36
172500 36
172800 36
173100 37
173400 37
173700 37
174000 37
174300 37
174600 37
174900 37
175200 37
175500 37
175800 37
176100 37
176400 37
176700 37
177000 37
177300 37
177600 37
177900 37
178200 37
178500 37
178800 37
179100 37
179400 37
179700 37
180000 37
180300 37
180600 37
180900 37
181200 37
181500 37
181800 37
182100 37
182400 37
182700 37
183000 37
183300 37
183600 37
183900 37
184200 37
184500 37
184800 37
185100 37
185400 37
185700 37
186000 37
186300 37
186600 37
186900 37
187200 37
187500 37
187800 37
188100 37
188400 37
188700 37
189000 37
189300 37
189600 37
189900 37
190200 37
190500 37
190800 37
191100 37
191400 37
191700 37
192000 37
192300 37
192600 37
192900 37
193200 37
193500 37
193800 37
194100 37
194400 37
194700 37
195000 37
195300 37
195600 37
195900 37
196200 37
196500 37
196800 37
197100 37
197400 37
197700 37
198000 37
198300 37
198600 37
198900 37
199200 37
199500 37
199800 37
200100 37
200400 37
200700 37
201000 37
201300 37
201600 37
201900 37
202200 37
202500 37
202800 37
203100 37
203400 37
203700 37
204000 37
204300 37
204600 37
204900 37
205200 37
205500 37
205800 37
206100 37
206400 37
206700 37
207000 37
207300 37
207600 37
207900 37
208200 37
208500 37
208800 37
209100 37
209400 37
209700 37
210000 37
210300 37
210600 37
210900 37
211200 37
211500 37
211800 37
212100 37
212400 37
212700 37
213000 37
213300 37
213600 37
213900 37
214200 37
214500 37
214800 37
215100 37
215400 37
215700 37
216000 37
216300 37
216600 37
216900 37
217200 37
217500 37
217800 37
218100 37
218400 37
218700 37
219000 37
219300 37
219600 37
219900 37
220200 37
220500 37
220800 37
221100 37
221400 37
221700 37
222000 37
222300 37
222600 37
222900 37
223200 37
223500 37
223800 37
224100 37
224400 37
224700 37
225000 37
225300 37
225600 37
225900 37
226200 37
226500 37
226800 37
227100 37
227400 37
227700 37
228000 37
228300 37
228600 37
228900 37
229200 37
229500 37
229800 37
230100 37
230400 37
230700 37
231000 37
231300 37
231600 37
231900 37
232200 37
232500 37
232800 37
233100 37
233400 37
233700 37
234000 37
234300 37
234600 37
234900 37
235200 37
235500 37
235800 37
236100 37
236400 37
236700 37
237000 37
237300 37
237600 37
237900 37
238200 37
238500 37
238800 37
239100 37
239400 37
239700 37
240000 37
240300 37
240600 37
240900 37
241200 37
241500 37
241800 37
242100 37
242400 37
242700 37
243000 37
243300 37
243600 37
243900 37
244200 37
244500 37
244800 37
245100 37
245400 37
245700 37
246000 37
246300 37
246600 37
246900 37
247200 37
247500 37
247800 37
248100 37
248400 37
248700 37
249000 37
249300 37
249600 37
249900 37
250200 37
250500 37
250800 37
251100 37
251400 37
251700 37
252000 37
252300 37
252600 37
252900 37
253200 37
253500 37
253800 37
254100 37
254400 37
254700 37
255000 37
255300 37
255600 37
255900 37
256200 37
256500 37
256800 37
257100 37
257400 37
257700 37
258000 37
258300 37
258600 37
258900 37
259200 37
259500 38
259800 38
260100 38
260400 38
260700 38
261000 38
261300 38
261600 38
261900 38
262200 38
262500 38
262800 38
263100 38
263400 38
263700 38
264000 38
264300 38
264600 38
264900 38
265200 38
265500 38
265800 38
266100 38
266400 38
266700 38
267000 38
267300 38
267600 38
267900 38
268200 38
268500 38
268800 38
269100 38
269400 38
269700 38
270000 38
270300 38
270600 38
270900 38
271200 38
271500 38
271800 38
272100 38
272400 38
272700 38
273000 38
273300 38
273600 38
273900 38
274200 38
274500 38
274800 38
275100 38
275400 38
275700 38
276000 38
276300 38
276600 38
276900 38
277200 38
277500 38
277800 38
278100 38
278400 38
278700 38
279000 38
279300 38
279600 38
279900 38
280200 38
280500 38
280800 38
281100 38
281400 38
281700 38
282000 38
282300 38
282600 38
282900 38
283200 38
283500 38
283800 38
284100 38
284400 38
284700 38
285000 38
285300 38
285600 38
285900 38
286200 38
286500 38
286800 38
287100 38
287400 38
287700 38
288000 38
288300 38
288600 38
288900 38
289200 38
289500 38
289800 38
290100 38
290400 38
290700 38
291000 38
291300 38
291600 38
291900 38
292200 38
292500 38
292800 38
293100 38
293400 38
293700 38
294000 38
294300 38
294600 38
294900 38
295200 38
295500 38
295800 38
296100 38
296400 38
296700 38
297000 38
297300 38
297600 38
297900 38
298200 38
298500 38
298800 38
299100 38
299400 38
299700 38
300000 38
300300 38
300600 38
300900 38
301200 38
301500 38
301800 38
302100 38
302400 38
302700 38
303000 38
303300 38
303600 38
303900 38
304200 38
304500 38
304800 38
305100 38
305400 38
305700 38
306000 38
306300 38
306600 38
306900 38
307200 38
307500 38
307800 38
308100 38
308400 38
308700 38
309000 38
309300 38
309600 38
309900 38
310200 38
310500 38
310800 38
311100 38
311400 38
311700 38
312000 38
312300 38
312600 38
312900 38
313200 38
313500 38
313800 38
314100 38
314400 38
314700 38
315000 38
315300 38
315600 38
315900 38
316200 38
316500 38
316800 38
317100 38
317400 38
317700 38
318000 38
318300 38
318600 38
318900 38
319200 38
319500 38
319800 38
320100 38
320400 38
320700 38
321000 38
321300 38
321600 38
321900 38
322200 38
322500 38
322800 38
323100 38
323400 38
323700 38
324000 38
324300 38
324600 38
324900 38
325200 38
325500 38
325800 38
326100 38
326400 38
326700 38
327000 38
327300 38
327600 38
327900 38
328200 38
328500 38
328800 38
329100 38
329400 38
329700 38
330000 38
330300 38
330600 38
330900 38
331200 38
331500 38
331800 38
332100 38
332400 38
332700 38
333000 38
333300 38
333600 38
333900 38
334200 38
334500 38
334800 38
335100 38
335400 38
335700 38
336000 38
336300 38
336600 38
336900 38
337200 38
337500 38
337800 38
338100 38
338400 38
338700 38
339000 38
339300 38
339600 38
339900 38
340200 38
340500 38
340800 38
341100 38
341400 38
341700 38
342000 38
342300 38
342600 38
342900 38
343200 38
343500 38
343800 38
344100 38
344400 38
344700 38
345000 38
345300 38
345600 38
345900 39
346200 39
346500 39
346800 39
347100 39
347400 39
347700 39
348000 39
348300 39
348600 39
348900 39
349200 39
349500 39
349800 39
350100 39
350400 39
350700 39
351000 39
351300 39
351600 39
351900 39
352200 39
352500 39
352800 39
353100 39
353400 39
353700 39
354000 39
354300 39
354600 39
354900 39
355200 39
355500 39
355800 39
356100 39
356400 39
356700 39
357000 39
357300 39
357600 39
357900 39
358200 39
358500 39
358800 39
359100 39
359400 39
359700 39
360000 39
360300 39
360600 39
360900 39
361200 39
361500 39
361800 39
362100 39
362400 39
362700 39
363000 39
363300 39
363600 39
363900 39
364200 39
364500 39
364800 39
365100 39
365400 39
365700 39
366000 39
366300 39
366600 39
366900 39
367200 39
367500 39
367800 39
368100 39
368400 39
368700 39
369000 39
369300 39
369600 39
369900 39
370200 39
370500 39
370800 39
371100 39
371400 39
371700 39
372000 39
372300 39
372600 39
372900 39
373200 39
373500 39
373800 39
374100 39
374400 39
374700 39
375000 39
375300 39
375600 39
375900 39
376200 39
376500 39
376800 39
377100 39
377400 39
377700 39
378000 39
378300 39
378600 39
378900 39
379200 39
379500 39
379800 39
380100 39
380400 39
380700 39
381000 39
381300 39
381600 39
381900 39
382200 39
382500 39
382800 39
383100 39
383400 39
383700 39
384000 39
384300 39
384600 39
384900 39
385200 39
385500 39
385800 39
386100 39
386400 39
386700 39
387000 39
387300 39
387600 39
387900 39
388200 39
388500 39
388800 39
389100 39
389400 39
389700 39
390000 39
390300 39
390600 39
390900 39
391200 39
391500 39
391800 39
392100 39
392400 39
392700 39
393000 39
393300 39
393600 39
393900 39
394200 39
394500 39
394800 39
395100 39
395400 39
395700 39
396000 39
396300 39
396600 39
396900 39
397200 39
397500 39
397800 39
398100 39
398400 39
398700 39
399000 39
399300 39
399600 39
399900 39
400200 39
400500 39
400800 39
401100 39
401400 39
401700 39
402000 39
402300 39
402600 39
402900 39
403200 39
403500 39
403800 39
404100 39
404400 39
404700 39
405000 39
405300 39
405600 39
405900 39
406200 39
406500 39
406800 39
407100 39
407400 39
407700 39
408000 39
408300 39
408600 39
408900 39
409200 39
409500 39
409800 39
410100 39
410400 39
410700 39
411000 39
411300 39
411600 39
411900 39
412200 39
412500 39
412800 39
413100 39
413400 39
413700 39
414000 39
414300 39
414600 39
414900 39
415200 39
415500 39
415800 39
416100 39
416400 39
416700 39
417000 39
417300 39
417600 39
417900 39
418200 39
418500 39
418800 39
419100 39
419400 39
419700 39
420000 39
420300 39
420600 39
420900 39
421200 39
421500 39
421800 39
422100 39
422400 39
422700 39
423000 39
423300 39
423600 39
423900 39
424200 39
424500 39
424800 39
425100 39
425400 39
425700 39
426000 39
426300 39
426600 39
426900 39
427200 39
427500 39
427800 39
428100 39
428400 39
428700 39
429000 39
429300 39
429600 39
429900 39
430200 39
430500 39
430800 39
431100 39
431400 39
431700 39
432000 39
432300 40
432600 40
432900 40
433200 40
433500 40
433800 40
434100 40
434400 40
434700 40
435000 40
435300 40
435600 40
435900 40
436200 40
436500 40
436800 40
437100 40
437400 40
437700 40
438000 40
438300 40
438600 40
438900 40
439200 40
439500 40
439800 40
440100 40
440400 40
440700 40
441000 40
441300 40
441600 40
441900 40
442200 40
442500 40
442800 40
443100 40
443400 40
443700 40
444000 40
444300 40
444600 40
444900 40
445200 40
445500 40
445800 40
446100 40
446400 40
446700 40
447000 40
447300 40
447600 40
447900 40
448200 40
448500 40
448800 40
449100 40
449400 40
449700 40
450000 40
450300 40
450600 40
450900 40
451200 40
451500 40
451800 40
452100 40
452400 40
452700 40
453000 40
453300 40
453600 40
453900 40
454200 40
454500 40
454800 40
455100 40
455400 40
455700 40
456000 40
456300 40
456600 40
456900 40
457200 40
457500 40
457800 40
458100 40
458400 40
458700 40
459000 40
459300 40
459600 40
459900 40
460200 40
460500 40
460800 40
461100 40
461400 40
461700 40
462000 40
462300 40
462600 40
462900 40
463200 40
463500 40
463800 40
464100 40
464400 40
464700 40
465000 40
465300 40
465600 40
465900 40
466200 40
466500 40
466800 40
467100 40
467400 40
467700 40
468000 40
468300 40
468600 40
468900 40
469200 40
469500 40
469800 40
470100 40
470400 40
470700 40
471000 40
471300 40
471600 40
471900 40
472200 40
472500 40
472800 40
473100 40
473400 40
473700 40
474000 40
474300 40
474600 40
474900 40
475200 40
475500 40
475800 40
476100 40
476400 40
476700 40
477000 40
477300 40
477600 40
477900 40
478200 40
478500 40
478800 40
479100 40
479400 40
479700 40
480000 40
480300 40
480600 40
480900 40
481200 40
481500 40
481800 40
482100 40
482400 40
482700 40
483000 40
483300 40
483600 40
483900 40
484200 40
484500 40
484800 40
485100 40
485400 40
485700 40
486000 40
486300 40
486600 40
486900 40
487200 40
487500 40
487800 40
488100 40
488400 40
488700 40
489000 40
489300 40
489600 40
489900 40
490200 40
490500 40
490800 40
491100 40
491400 40
491700 40
492000 40
492300 40
492600 40
492900 40
493200 40
493500 40
493800 40
494100 40
494400 40
494700 40
495000 40
495300 40
495600 40
495900 40
496200 40
496500 40
496800 40
497100 40
497400 40
497700 40
498000 40
498300 40
498600 40
498900 40
499200 40
499500 40
499800 40
500100 40
500400 40
500700 40
501000 40
501300 40
501600 40
501900 40
502200 40
502500 40
502800 40
503100 40
503400 40
503700 40
504000 40
504300 40
504600 40
504900 40
505200 40
505500 40
505800 40
506100 40
506400 40
506700 40
507000 40
507300 40
507600 40
507900 40
508200 40
508500 40
508800 40
509100 40
509400 40
509700 40
510000 40
510300 40
510600 40
510900 40
511200 40
511500 40
511800 40
512100 40
512400 40
512700 40
513000 40
513300 40
513600 40
513900 40
514200 40
514500 40
514800 40
515100 40
515400 40
515700 40
516000 40
516300 40
516600 40
516900 40
517200 40
517500 40
517800 40
518100 40
518400 40
518700 41
519000 41
519300 41
519600 41
519900 41
520200 41
520500 41
520800 41
521100 41
521400 41
521700 41
522000 41
522300 41
522600 41
522900 41
523200 41
523500 41
523800 41
524100 41
524400 41
524700 41
525000 41
525300 41
525600 41
525900 41
526200 41
526500 41
526800 41
527100 41
527400 41
527700 41
528000 41
528300 41
528600 41
528900 41
529200 41
529500 41
529800 41
530100 41
530400 41
530700 41
531000 41
531300 41
531600 41
531900 41
532200 41
532500 41
532800 41
533100 41
533400 41
533700 41
534000 41
534300 41
534600 41
534900 41
535200 41
535500 41
535800 41
536100 41
536400 41
536700 41
537000 41
537300 41
537600 41
537900 41
538200 41
538500 41
538800 41
539100 41
539400 41
539700 41
540000 41
540300 41
540600 41
540900 41
541200 41
541500 41
541800 41
542100 41
542400 41
542700 41
543000 41
543300 41
543600 41
543900 41
544200 41
544500 41
544800 41
545100 41
545400 41
545700 41
546000 41
546300 41
546600 41
546900 41
547200 41
547500 41
547800 41
548100 41
548400 41
548700 41
549000 41
549300 41
549600 41
549900 41
550200 41
550500 41
550800 41
551100 41
551400 41
551700 41
552000 41
552300 41
552600 41
552900 41
553200 41
553500 41
553800 41
554100 41
554400 41
554700 41
555000 41
555300 41
555600 41
555900 41
556200 41
556500 41
556800 41
557100 41
557400 41
557700 41
558000 41
558300 41
558600 41
558900 41
559200 41
559500 41
559800 41
560100 41
560400 41
560700 41
561000 41
561300 41
561600 41
561900 41
562200 41
562500 41
562800 41
563100 41
563400 41
563700 41
564000 41
564300 41
564600 41
564900 41
565200 41
565500 41
565800 41
566100 41
566400 41
566700 41
567000 41
567300 41
567600 41
567900 41
568200 41
568500 41
568800 41
569100 41
569400 41
569700 41
570000 41
570300 41
570600 41
570900 41
571200 41
571500 41
571800 41
572100 41
572400 41
572700 41
573000 41
573300 41
573600 41
573900 41
574200 41
574500 41
574800 41
575100 41
575400 41
575700 41
576000 41
576300 41
576600 41
576900 41
577200 41
577500 41
577800 41
578100 41
578400 41
578700 41
579000 41
579300 41
579600 41
579900 41
580200 41
580500 41
580800 41
581100 41
581400 41
581700 41
582000 41
582300 41
582600 41
582900 41
583200 41
583500 41
583800 41
584100 41
584400 41
584700 41
585000 41
585300 41
585600 41
585900 41
586200 41
586500 41
586800 41
587100 41
587400 41
587700 41
588000 41
588300 41
588600 41
588900 41
589200 41
589500 41
589800 41
590100 41
590400 41
590700 41
591000 41
591300 41
591600 41
591900 41
592200 41
592500 41
592800 41
593100 41
593400 41
593700 41
594000 41
594300 41
594600 41
594900 41
595200 41
595500 41
595800 41
596100 41
596400 41
596700 41
597000 41
597300 41
597600 41
597900 41
598200 41
598500 41
598800 41
599100 41
599400 41
599700 41
600000 41
600300 41
600600 41
600900 41
601200 41
601500 41
601800 41
602100 41
602400 41
602700 41
603000 41
603300 41
603600 41
603900 41
604200 41
604500 41
604800 41
605100 42
605400 42
605700 42
606000 42
606300 42
606600 42
606900 42
607200 42
607500 42
607800 42
608100 42
608400 42
608700 42
609000 42
609300 42
609600 42
609900 42
610200 42
610500 42
610800 42
611100 42
611400 42
611700 42
612000 42
612300 42
612600 42
612900 42
613200 42
613500 42
613800 42
614100 42
614400 42
614700 42
615000 42
615300 42
615600 42
615900 42
616200 42
616500 42
616800 42
617100 42
617400 42
617700 42
618000 42
618300 42
618600 42
618900 42
619200 42
619500 42
619800 42
620100 42
620400 42
620700 42
621000 42
621300 42
621600 42
621900 42
622200 42
622500 42
622800 42
623100 42
623400 42
623700 42
624000 42
624300 42
624600 42
624900 42
625200 42
625500 42
625800 42
626100 42
626400 42
626700 42
627000 42
627300 42
627600 42
627900 42
628200 42
628500 42
628800 42
629100 42
629400 42
629700 42
630000 42
630300 42
630600 42
630900 42
631200 42
631500 42
631800 42
632100 42
632400 42
632700 42
633000 42
633300 42
633600 42
633900 42
634200 42
634500 42
634800 42
635100 42
635400 42
635700 42
636000 42
636300 42
636600 42
636900 42
637200 42
637500 42
637800 42
638100 42
638400 42
638700 42
639000 42
639300 42
639600 42
639900 42
640200 42
640500 42
640800 42
641100 42
641400 42
641700 42
642000 42
642300 42
642600 42
642900 42
643200 42
643500 42
643800 42
644100 42
644400 42
644700 42
645000 42
645300 42
645600 42
645900 42
646200 42
646500 42
646800 42
647100 42
647400 42
647700 42
648000 42
648300 42
648600 42
648900 42
649200 42
649500 42
649800 42
650100 42
650400 42
650700 42
651000 42
651300 42
651600 42
651900 42
652200 42
652500 42
652800 42
653100 42
653400 42
653700 42
654000 42
654300 42
654600 42
654900 42
655200 42
655500 42
655800 42
656100 42
656400 42
656700 42
657000 42
657300 42
657600 42
657900 42
658200 42
658500 42
658800 42
659100 42
659400 42
659700 42
660000 42
660300 42
660600 42
660900 42
661200 42
661500 42
661800 42
662100 42
662400 42
662700 42
663000 42
663300 42
663600 42
663900 42
664200 42
664500 42
664800 42
665100 42
665400 42
665700 42
666000 42
666300 42
666600 42
666900 42
667200 42
667500 42
667800 42
668100 42
668400 42
668700 42
669000 42
669300 42
669600 42
669900 42
670200 42
670500 42
670800 42
671100 42
671400 42
671700 42
672000 42
672300 42
672600 42
672900 42
673200 42
673500 42
673800 42
674100 42
674400 42
674700 42
675000 42
675300 42
675600 42
675900 42
676200 42
676500 42
676800 42
677100 42
677400 42
677700 42
678000 42
678300 42
678600 42
678900 42
679200 42
679500 42
679800 42
680100 42
680400 42
680700 42
681000 42
681300 42
681600 42
681900 42
682200 42
682500 42
682800 42
683100 42
683400 42
683700 42
684000 42
684300 42
684600 42
684900 42
685200 42
685500 42
685800 42
686100 42
686400 42
686700 42
687000 42
687300 42
687600 42
687900 42
688200 42
688500 42
688800 42
689100 42
689400 42
689700 42
690000 42
690300 42
690600 42
690900 42
691200 42
691500 43
691800 43
692100 43
692400 43
692700 43
693000 43
693300 43
693600 43
693900 43
694200 43
694500 43
694800 43
695100 43
695400 43
695700 43
696000 43
696300 43
696600 43
696900 43
697200 43
697500 43
697800 43
698100 43
698400 43
698700 43
699000 43
699300 43
699600 43
699900 43
700200 43
700500 43
700800 43
701100 43
701400 43
701700 43
702000 43
702300 43
702600 43
702900 43
703200 43
703500 43
703800 43
704100 43
704400 43
704700 43
705000 43
705300 43
705600 43
705900 43
706200 43
706500 43
706800 43
707100 43
707400 43
707700 43
708000 43
708300 43
708600 43
708900 43
709200 43
709500 43
709800 43
710100 43
710400 43
710700 43
711000 43
711300 43
711600 43
711900 43
712200 43
712500 43
712800 43
713100 43
713400 43
713700 43
714000 43
714300 43
714600 43
714900 43
715200 43
715500 43
715800 43
716100 43
716400 43
716700 43
717000 43
717300 43
717600 43
717900 43
718200 43
718500 43
718800 43
719100 43
719400 43
719700 43
720000 43
720300 43
720600 43
720900 43
721200 43
721500 43
721800 43
722100 43
722400 43
722700 43
723000 43
723300 43
723600 43
723900 43
724200 43
724500 43
724800 43
725100 43
725400 43
725700 43
726000 43
726300 43
726600 43
726900 43
727200 43
727500 43
727800 43
728100 43
728400 43
728700 43
729000 43
729300 43
729600 43
729900 43
730200 43
730500 43
730800 43
731100 43
731400 43
731700 43
732000 43
732300 43
732600 43
732900 43
733200 43
733500 43
733800 43
734100 43
734400 43
734700 43
735000 43
735300 43
735600 43
735900 43
736200 43
736500 43
736800 43
737100 43
737400 43
737700 43
738000 43
738300 43
738600 43
738900 43
739200 43
739500 43
739800 43
740100 43
740400 43
740700 43
741000 43
741300 43
741600 43
741900 43
742200 43
742500 43
742800 43
743100 43
743400 43
743700 43
744000 43
744300 43
744600 43
744900 43
745200 43
745500 43
745800 43
746100 43
746400 43
746700 43
747000 43
747300 43
747600 43
747900 43
748200 43
748500 43
748800 43
749100 43
749400 43
749700 43
750000 43
750300 43
750600 43
750900 43
751200 43
751500 43
751800 43
752100 43
752400 43
752700 43
753000 43
753300 43
753600 43
753900 43
754200 43
754500 43
754800 43
755100 43
755400 43
755700 43
756000 43
756300 43
756600 43
756900 43
757200 43
757500 43
757800 43
758100 43
758400 43
758700 43
759000 43
759300 43
759600 43
759900 43
760200 43
760500 43
760800 43
761100 43
761400 43
761700 43
762000 43
762300 43
762600 43
762900 43
763200 43
763500 43
763800 43
764100 43
764400 43
764700 43
765000 43
765300 43
765600 43
765900 43
766200 43
766500 43
766800 43
767100 43
767400 43
767700 43
768000 43
768300 43
768600 43
768900 43
769200 43
769500 43
769800 43
770100 43
770400 43
770700 43
771000 43
771300 43
771600 43
771900 43
772200 43
772500 43
772800 43
773100 43
773400 43
773700 43
774000 43
774300 43
774600 43
774900 43
775200 43
775500 43
775800 43
776100 43
776400 43
776700 43
777000 43
777300 43
777600 43
777900 44
778200 44
778500 44
778800 44
779100 44
779400 44
779700 44
780000 44
780300 44
780600 44
780900 44
781200 44
781500 44
781800 44
782100 44
782400 44
782700 44
783000 44
783300 44
783600 44
783900 44
784200 44
784500 44
784800 44
785100 44
785400 44
785700 44
786000 44
786300 44
786600 44
786900 44
787200 44
787500 44
787800 44
788100 44
788400 44
788700 44
789000 44
789300 44
789600 44
789900 44
790200 44
790500 44
790800 44
791100 44
791400 44
791700 44
792000 44
792300 44
792600 44
792900 44
793200 44
793500 44
793800 44
794100 44
794400 44
794700 44
795000 44
795300 44
795600 44
795900 44
796200 44
796500 44
796800 44
797100 44
797400 44
797700 44
798000 44
798300 44
798600 44
798900 44
799200 44
799500 44
799800 44
800100 44
800400 44
800700 44
801000 44
801300 44
801600 44
801900 44
802200 44
802500 44
802800 44
803100 44
803400 44
803700 44
804000 44
804300 44
804600 44
804900 44
805200 44
805500 44
805800 44
806100 44
806400 44
806700 44
807000 44
807300 44
807600 44
807900 44
808200 44
808500 44
808800 44
809100 44
809400 44
809700 44
810000 44
810300 44
810600 44
810900 44
811200 44
811500 44
811800 44
812100 44
812400 44
812700 44
813000 44
813300 44
813600 44
813900 44
814200 44
814500 44
814800 44
815100 44
815400 44
815700 44
816000 44
816300 44
816600 44
816900 44
817200 44
817500 44
817800 44
818100 44
818400 44
818700 44
819000 44
819300 44
819600 44
819900 44
820200 44
820500 44
820800 44
821100 44
821400 44
821700 44
822000 44
822300 44
822600 44
822900 44
823200 44
823500 44
823800 44
824100 44
824400 44
824700 44
825000 44
825300 44
825600 44
825900 44
826200 44
826500 44
826800 44
827100 44
827400 44
827700 44
828000 44
828300 44
828600 44
828900 44
829200 44
829500 44
829800 44
830100 44
830400 44
830700 44
831000 44
831300 44
831600 44
831900 44
832200 44
832500 44
832800 44
833100 44
833400 44
833700 44
834000 44
834300 44
834600 44
834900 44
835200 44
835500 44
835800 44
836100 44
836400 44
836700 44
837000 44
837300 44
837600 44
837900 44
838200 44
838500 44
838800 44
839100 44
839400 44
839700 44
840000 44
840300 44
840600 44
840900 44
841200 44
841500 44
841800 44
842100 44
842400 44
842700 44
843000 44
843300 44
843600 44
843900 44
844200 44
844500 44
844800 44
845100 44
845400 44
845700 44
846000 44
846300 44
846600 44
846900 44
847200 44
847500 44
847800 44
848100 44
848400 44
848700 44
849000 44
849300 44
849600 44
849900 44
850200 44
850500 44
850800 44
851100 44
851400 44
851700 44
852000 44
852300 44
852600 44
852900 44
853200 44
853500 44
853800 44
854100 44
854400 44
854700 44
855000 44
855300 44
855600 44
855900 44
856200 44
856500 44
856800 44
857100 44
857400 44
857700 44
858000 44
858300 44
858600 44
858900 44
859200 44
859500 44
859800 44
860100 44
860400 44
860700 44
861000 44
861300 44
861600 44
861900 44
862200 44
862500 44
862800 44
863100 44
863400 44
863700 44
864000 44
864300 45
864600 45
864900 45
865200 45
865500 45
865800 45
866100 45
866400 45
866700 45
867000 45
867300 45
867600 45
867900 45
868200 45
868500 45
868800 45
869100 45
869400 45
869700 45
870000 45
870300 45
870600 45
870900 45
871200 45
871500 45
871800 45
872100 45
872400 45
872700 45
873000 45
873300 45
873600 45
873900 45
874200 45
874500 45
874800 45
875100 45
875400 45
875700 45
876000 45
876300 45
876600 45
876900 45
877200 45
877500 45
877800 45
878100 45
878400 45
878700 45
879000 45
879300 45
879600 45
879900 45
880200 45
880500 45
880800 45
881100 45
881400 45
881700 45
882000 45
882300 45
882600 45
882900 45
883200 45
883500 45
883800 45
884100 45
884400 45
884700 45
885000 45
885300 45
885600 45
885900 45
886200 45
886500 45
886800 45
887100 45
887400 45
887700 45
888000 45
888300 45
888600 45
888900 45
889200 45
889500 45
889800 45
890100 45
890400 45
890700 45
891000 45
891300 45
891600 45
891900 45
892200 45
892500 45
892800 45
893100 45
893400 45
893700 45
894000 45
894300 45
894600 45
894900 45
895200 45
895500 45
895800 45
896100 45
896400 45
896700 45
897000 45
897300 45
897600 45
897900 45
898200 45
898500 45
898800 45
899100 45
899400 45
899700 45
900000 45
900300 45
900600 45
900900 45
901200 45
901500 45
901800 45
902100 45
902400 45
902700 45
903000 45
903300 45
903600 45
903900 45
904200 45
904500 45
904800 45
905100 45
905400 45
905700 45
906000 45
906300 45
906600 45
906900 45
907200 45
907500 45
907800 45
908100 45
908400 45
908700 45
909000 45
909300 45
909600 45
909900 45
910200 45
910500 45
910800 45
911100 45
911400 45
911700 45
912000 45
912300 45
912600 45
912900 45
913200 45
913500 45
913800 45
914100 45
914400 45
914700 45
915000 45
915300 45
915600 45
915900 45
916200 45
916500 45
916800 45
917100 45
917400 45
917700 45
918000 45
918300 45
918600 45
918900 45
919200 45
919500 45
919800 45
920100 45
920400 45
920700 45
921000 45
921300 45
921600 45
921900 45
922200 45
922500 45
922800 45
923100 45
923400 45
923700 45
924000 45
924300 45
924600 45
924900 45
925200 45
925500 45
925800 45
926100 45
926400 45
926700 45
927000 45
927300 45
927600 45
927900 45
928200 45
928500 45
928800 45
929100 45
929400 45
929700 45
930000 45
930300 45
930600 45
930900 45
931200 45
931500 45
931800 45
932100 45
932400 45
932700 45
933000 45
933300 45
933600 45
933900 45
934200 45
934500 45
934800 45
935100 45
935400 45
935700 45
936000 45
936300 45
936600 45
936900 45
937200 45
937500 45
937800 45
938100 45
938400 45
938700 45
939000 45
939300 45
939600 45
939900 45
940200 45
940500 45
940800 45
941100 45
941400 45
941700 45
942000 45
942300 45
942600 45
942900 45
943200 45
943500 45
943800 45
944100 45
944400 45
944700 45
945000 45
945300 45
945600 45
945900 45
946200 45
946500 45
946800 45
947100 45
947400 45
947700 45
948000 45
948300 45
948600 45
948900 45
949200 45
949500 45
949800 45
950100 45
950400 45
950700 45
951000 45
951300 45
951600 45
951900 45
952200 45
952500 45
952800 45
953100 45
953400 45
953700 45
954000 45
954300 45
954600 45
954900 45
955200 45
955500 45
955800 45
956100 45
956400 45
956700 45
957000 45
957300 45
957600 45
957900 45
958200 45
958500 45
958800 45
959100 45
959400 45
959700 45
960000 45
960300 45
960600 45
960900 45
961200 45
961500 45
961800 45
962100 45
962400 45
962700 45
963000 45
963300 45
963600 45
963900 45
964200 45
964500 45
964800 45
965100 45
965400 45
965700 45
966000 45
966300 45
966600 45
966900 45
967200 45
967500 45
967800 45
968100 45
968400 45
968700 45
969000 45
969300 45
969600 45
969900 45
970200 45
970500 45
970800 45
971100 45
971400 45
971700 45
972000 45
972300 45
972600 45
972900 45
973200 45
973500 45
973800 45
974100 45
974400 45
974700 45
975000 45
975300 45
975600 45
975900 45
976200 45
976500 45
976800 45
977100 45
977400 45
977700 45
978000 45
978300 45
978600 45
978900 45
979200 45
979500 45
979800 45
980100 45
980400 45
980700 45
981000 45
981300 45
981600 45
981900 45
982200 45
982500 45
982800 45
983100 45
983400 45
983700 45
984000 45
984300 45
984600 45
984900 45
985200 45
985500 45
985800 45
986100 45
986400 45
986700 45
987000 45
987300 45
987600 45
987900 45
988200 45
988500 45
988800 45
989100 45
989400 45
989700 45
990000 45
990300 45
990600 45
990900 45
991200 45
991500 45
991800 45
992100 45
992400 45
992700 45
993000 45
993300 45
993600 45
993900 45
994200 45
994500 45
994800 45
995100 45
995400 45
995700 45
996000 45
996300 45
996600 45
996900 45
997200 45
997500 45
997800 45
998100 45
998400 45
998700 45
999000 45
999300 45
999600 45
999900 45
1000200 45
1000500 45
1000800 45
1001100 45
1001400 45
1001700 45
1002000 45
1002300 45
1002600 45
1002900 45
1003200 45
1003500 45
1003800 45
1004100 45
1004400 45
1004700 45
1005000 45
1005300 45
1005600 45
1005900 45
1006200 45
1006500 45
1006800 45
1007100 45
1007400 45
1007700 45
1008000 45
1008300 45
1008600 45
1008900 45
1009200 45
1009500 45
1009800 45
1010100 45
1010400 45
1010700 45
1011000 45
1011300 45
1011600 45
1011900 45
1012200 45
1012500 45
1012800 45
1013100 45
1013400 45
1013700 45
1014000 45
1014300 45
1014600 45
1014900 45
1015200 45
1015500 45
1015800 45
1016100 45
1016400 45
1016700 45
1017000 45
1017300 45
1017600 45
1017900 45
1018200 45
1018500 45
1018800 45
1019100 45
1019400 45
1019700 45
1020000 45
1020300 45
1020600 45
1020900 45
1021200 45
1021500 45
1021800 45
1022100 45
1022400 45
1022700 45
1023000 45
1023300 45
1023600 45
1023900 45
1024200 45
1024500 45
1024800 45
1025100 45
1025400 45
1025700 45
1026000 45
1026300 45
1026600 45
1026900 45
1027200 45
1027500 45
1027800 45
1028100 45
1028400 45
1028700 45
1029000 45
1029300 45
1029600 45
1029900 45
1030200 45
1030500 45
1030800 45
1031100 45
1031400 45
1031700 45
1032000 45
1032300 45
1032600 45
1032900 45
1033200 45
1033500 45
1033800 45
1034100 45
1034400 45
1034700 45
1035000 45
1035300 45
1035600 45
1035900 45
1036200 45
1036500 45
1036800 45
1037100 45
1037400 45
1037700 45
1038000 45
1038300 45
1038600 45
1038900 45
1039200 45
1039500 45
1039800 45
1040100 45
1040400 45
1040700 45
1041000 45
1041300 45
1041600 45
1041900 45
1042200 45
1042500 45
1042800 45
1043100 45
1043400 45
1043700 45
1044000 45
1044300 45
1044600 45
1044900 45
1045200 45
1045500 45
1045800 45
1046100 45
1046400 45
1046700 45
1047000 45
1047300 45
1047600 45
1047900 45
1048200 45
1048500 45
1048800 45
1049100 45
1049400 45
1049700 45
1050000 45
1050300 45
1050600 45
1050900 45
1051200 45
1051500 45
1051800 45
1052100 45
1052400 45
1052700 45
1053000 45
1053300 45
1053600 45
1053900 45
1054200 45
1054500 45
1054800 45
1055100 45
1055400 45
1055700 45
1056000 45
1056300 45
1056600 45
1056900 45
1057200 45
1057500 45
1057800 45
1058100 45
1058400 45
1058700 45
1059000 45
1059300 45
1059600 45
1059900 45
1060200 45
1060500 45
1060800 45
1061100 45
1061400 45
1061700 45
1062000 45
1062300 45
1062600 45
1062900 45
1063200 45
1063500 45
1063800 45
1064100 45
1064400 45
1064700 45
1065000 45
1065300 45
1065600 45
1065900 45
1066200 45
1066500 45
1066800 45
1067100 45
1067400 45
1067700 45
1068000 45
1068300 45
1068600 45
1068900 45
1069200 45
1069500 45
1069800 45
1070100 45
1070400 45
1070700 45
1071000 45
1071300 45
1071600 45
1071900 45
1072200 45
1072500 45
1072800 45
1073100 45
1073400 45
1073700 45
1074000 45
1074300 45
1074600 45
1074900 45
1075200 45
1075500 45
1075800 45
1076100 45
1076400 45
1076700 45
1077000 45
1077300 45
1077600 45
1077900 45
1078200 45
1078500 45
1078800 45
1079100 45
1079400 45
1079700 45
1080000 45
1080300 45
1080600 45
1080900 45
1081200 45
1081500 45
1081800 45
1082100 45
1082400 45
1082700 45
1083000 45
1083300 45
1083600 45
1083900 45
1084200 45
1084500 45
1084800 45
1085100 45
1085400 45
1085700 45
1086000 45
1086300 45
1086600 45
1086900 45
1087200 45
1087500 45
1087800 45
1088100 45
1088400 45
1088700 45
1089000 45
1089300 45
1089600 45
1089900 45
1090200 45
1090500 45
1090800 45
1091100 45
1091400 45
1091700 45
1092000 45
1092300 45
1092600 45
1092900 45
1093200 45
1093500 45
1093800 45
1094100 45
1094400 45
1094700 45
1095000 45
1095300 45
1095600 45
1095900 45
1096200 45
1096500 45
1096800 45
1097100 45
1097400 45
1097700 45
1098000 45
1098300 45
1098600 45
1098900 45
1099200 45
1099500 45
1099800 45
1100100 45
1100400 45
1100700 45
1101000 45
1101300 45
1101600 45
1101900 45
1102200 45
1102500 45
1102800 45
1103100 45
1103400 45
1103700 45
1104000 45
1104300 45
1104600 45
1104900 45
1105200 45
1105500 45
1105800 45
1106100 45
1106400 45
1106700 45
1107000 45
1107300 45
1107600 45
1107900 45
1108200 45
1108500 45
1108800 45
1109100 45
1109400 45
1109700 45
1110000 45
1110300 45
1110600 45
1110900 45
1111200 45
1111500 45
1111800 45
1112100 45
1112400 45
1112700 45
1113000 45
1113300 45
1113600 45
1113900 45
1114200 45
1114500 45
1114800 45
1115100 45
1115400 45
1115700 45
1116000 45
1116300 45
1116600 45
1116900 45
1117200 45
1117500 45
1117800 45
1118100 45
1118400 45
1118700 45
1119000 45
1119300 45
1119600 45
1119900 45
1120200 45
1120500 45
1120800 45
1121100 45
1121400 45
1121700 45
1122000 45
1122300 45
1122600 45
1122900 45
1123200 45
1123500 45
1123800 45
1124100 45
1124400 45
1124700 45
1125000 45
1125300 45
1125600 45
1125900 45
1126200 45
1126500 45
1126800 45
1127100 45
1127400 45
1127700 45
1128000 45
1128300 45
1128600 45
1128900 45
1129200 45
1129500 45
1129800 45
1130100 45
1130400 45
1130700 45
1131000 45
1131300 45
1131600 45
1131900 45
1132200 45
1132500 45
1132800 45
1133100 45
1133400 45
1133700 45
1134000 45
1134300 45
1134600 45
1134900 45
1135200 45
1135500 45
1135800 45
1136100 45
1136400 45
1136700 45
1137000 45
1137300 45
1137600 45
1137900 45
1138200 45
1138500 45
1138800 45
1139100 45
1139400 45
1139700 45
1140000 45
1140300 45
1140600 45
1140900 45
1141200 45
1141500 45
1141800 45
1142100 45
1142400 45
1142700 45
1143000 45
1143300 45
1143600 45
1143900 45
1144200 45
1144500 45
1144800 45
1145100 45
1145400 45
1145700 45
1146000 45
1146300 45
1146600 45
1146900 45
1147200 45
1147500 45
1147800 45
1148100 45
1148400 45
1148700 45
1149000 45
1149300 45
1149600 45
1149900 45
1150200 45
1150500 45
1150800 45
1151100 45
1151400 45
1151700 45
1152000 45
1152300 45
1152600 45
1152900 45
1153200 45
1153500 45
1153800 45
1154100 45
1154400 45
1154700 45
1155000 45
1155300 45
1155600 45
1155900 45
1156200 45
1156500 45
1156800 45
1157100 45
1157400 45
1157700 45
1158000 45
1158300 45
1158600 45
1158900 45
1159200 45
1159500 45
1159800 45
1160100 45
1160400 45
1160700 45
1161000 45
1161300 45
1161600 45
1161900 45
1162200 45
1162500 45
1162800 45
1163100 45
1163400 45
1163700 45
1164000 45
1164300 45
1164600 45
1164900 45
1165200 45
1165500 45
1165800 45
1166100 45
1166400 45
1166700 45
1167000 45
1167300 45
1167600 45
1167900 45
1168200 45
1168500 45
1168800 45
1169100 45
1169400 45
1169700 45
1170000 45
1170300 45
1170600 45
1170900 45
1171200 45
1171500 45
1171800 45
1172100 45
1172400 45
1172700 45
1173000 45
1173300 45
1173600 45
1173900 45
1174200 45
1174500 45
1174800 45
1175100 45
1175400 45
1175700 45
1176000 45
1176300 45
1176600 45
1176900 45
1177200 45
1177500 45
1177800 45
1178100 45
1178400 45
1178700 45
1179000 45
1179300 45
1179600 45
1179900 45
1180200 45
1180500 45
1180800 45
1181100 45
1181400 45
1181700 45
1182000 45
1182300 45
1182600 45
1182900 45
1183200 45
1183500 45
1183800 45
1184100 45
1184400 45
1184700 45
1185000 45
1185300 45
1185600 45
1185900 45
1186200 45
1186500 45
1186800 45
1187100 45
1187400 45
1187700 45
1188000 45
1188300 45
1188600 45
1188900 45
1189200 45
1189500 45
1189800 45
1190100 45
1190400 45
1190700 45
1191000 45
1191300 45
1191600 45
1191900 45
1192200 45
1192500 45
1192800 45
1193100 45
1193400 45
1193700 45
1194000 45
1194300 45
1194600 45
1194900 45
1195200 45
1195500 45
1195800 45
1196100 45
1196400 45
1196700 45
1197000 45
1197300 45
1197600 45
1197900 45
1198200 45
1198500 45
1198800 45
1199100 45
1199400 45
1199700 45
1200000 45
1200300 45
1200600 45
1200900 45
1201200 45
1201500 45
1201800 45
1202100 45
1202400 45
1202700 45
1203000 45
1203300 45
1203600 45
1203900 45
1204200 45
1204500 45
1204800 45
1205100 45
1205400 45
1205700 45
1206000 45
1206300 45
1206600 45
1206900 45
1207200 45
1207500 45
1207800 45
1208100 45
1208400 45
1208700 45
1209000 45
1209300 45
1209600 45
1209900 45
1210200 45
1210500 45
1210800 45
1211100 45
1211400 45
1211700 45
1212000 45
1212300 45
1212600 45
1212900 45
1213200 45
1213500 45
1213800 45
1214100 45
1214400 45
1214700 45
1215000 45
1215300 45
1215600 45
1215900 45
1216200 45
1216500 45
1216800 45
1217100 45
1217400 45
1217700 45
1218000 45
1218300 45
1218600 45
1218900 45
1219200 45
1219500 45
1219800 45
1220100 45
1220400 45
1220700 45
1221000 45
1221300 45
1221600 45
1221900 45
1222200 45
1222500 45
1222800 45
1223100 45
1223400 45
1223700 45
1224000 45
1224300 45
1224600 45
1224900 45
1225200 45
1225500 45
1225800 45
1226100 45
1226400 45
1226700 45
1227000 45
1227300 45
1227600 45
1227900 45
1228200 45
1228500 45
1228800 45
1229100 45
1229400 45
1229700 45
1230000 45
1230300 45
1230600 45
1230900 45
1231200 45
1231500 45
1231800 45
1232100 45
1232400 45
1232700 45
1233000 45
1233300 45
1233600 45
1233900 45
1234200 45
1234500 45
1234800 45
1235100 45
1235400 45
1235700 45
1236000 45
1236300 45
1236600 45
1236900 45
1237200 45
1237500 45
1237800 45
1238100 45
1238400 45
1238700 45
1239000 45
1239300 45
1239600 45
1239900 45
1240200 45
1240500 45
1240800 45
1241100 45
1241400 45
1241700 45
1242000 45
1242300 45
1242600 45
1242900 45
1243200 45
1243500 45
1243800 45
1244100 45
1244400 45
1244700 45
1245000 45
1245300 45
1245600 45
1245900 45
1246200 45
1246500 45
1246800 45
1247100 45
1247400 45
1247700 45
1248000 45
1248300 45
1248600 45
1248900 45
1249200 45
1249500 45
1249800 45
1250100 45
1250400 45
1250700 45
1251000 45
1251300 45
1251600 45
1251900 45
1252200 45
1252500 45
1252800 45
1253100 45
1253400 45
1253700 45
1254000 45
1254300 45
1254600 45
1254900 45
1255200 45
1255500 45
1255800 45
1256100 45
1256400 45
1256700 45
1257000 45
1257300 45
1257600 45
1257900 45
1258200 45
1258500 45
1258800 45
1259100 45
1259400 45
1259700 45
1260000 45
1260300 45
1260600 45
1260900 45
1261200 45
1261500 45
1261800 45
1262100 45
1262400 45
1262700 45
1263000 45
1263300 45
1263600 45
1263900 45
1264200 45
1264500 45
1264800 45
1265100 45
1265400 45
1265700 45
1266000 45
1266300 45
1266600 45
1266900 45
1267200 45
1267500 45
1267800 45
1268100 45
1268400 45
1268700 45
1269000 45
1269300 45
1269600 45
1269900 45
1270200 45
1270500 45
1270800 45
1271100 45
1271400 45
1271700 45
1272000 45
1272300 45
1272600 45
1272900 45
1273200 45
1273500 45
1273800 45
1274100 45
1274400 45
1274700 45
1275000 45
1275300 45
1275600 45
1275900 45
1276200 45
1276500 45
1276800 45
1277100 45
1277400 45
1277700 45
1278000 45
1278300 45
1278600 45
1278900 45
1279200 45
1279500 45
1279800 45
1280100 45
1280400 45
1280700 45
1281000 45
1281300 45
1281600 45
1281900 45
1282200 45
1282500 45
1282800 45
1283100 45
1283400 45
1283700 45
1284000 45
1284300 45
1284600 45
1284900 45
1285200 45
1285500 45
1285800 45
1286100 45
1286400 45
1286700 45
1287000 45
1287300 45
1287600 45
1287900 45
1288200 45
1288500 45
1288800 45
1289100 45
1289400 45
1289700 45
1290000 45
1290300 45
1290600 45
1290900 45
1291200 45
1291500 45
1291800 45
1292100 45
1292400 45
1292700 45
1293000 45
1293300 45
1293600 45
1293900 45
1294200 45
1294500 45
1294800 45
1295100 45
1295400 45
1295700 45
1296000 45
1296300 45
1296600 45
1296900 45
1297200 45
1297500 45
1297800 45
1298100 45
1298400 45
1298700 45
1299000 45
1299300 45
1299600 45
1299900 45
1300200 45
1300500 45
1300800 45
1301100 45
1301400 45
1301700 45
1302000 45
1302300 45
1302600 45
1302900 45
1303200 45
1303500 45
1303800 45
1304100 45
1304400 45
1304700 45
1305000 45
1305300 45
1305600 45
1305900 45
1306200 45
1306500 45
1306800 45
1307100 45
1307400 45
1307700 45
1308000 45
1308300 45
1308600 45
1308900 45
1309200 45
1309500 45
1309800 45
1310100 45
1310400 45
1310700 45
1311000 45
1311300 45
1311600 45
1311900 45
1312200 45
1312500 45
1312800 45
1313100 45
1313400 45
1313700 45
1314000 45
1314300 45
1314600 45
1314900 45
1315200 45
1315500 45
1315800 45
1316100 45
1316400 45
1316700 45
1317000 45
1317300 45
1317600 45
1317900 45
1318200 45
1318500 45
1318800 45
1319100 45
1319400 45
1319700 45
1320000 45
1320300 45
1320600 45
1320900 45
1321200 45
1321500 45
1321800 45
1322100 45
1322400 45
1322700 45
1323000 45
1323300 45
1323600 45
1323900 45
1324200 45
1324500 45
1324800 45
1325100 45
1325400 45
1325700 45
1326000 45
1326300 45
1326600 45
1326900 45
1327200 45
1327500 45
1327800 45
1328100 45
1328400 45
1328700 45
1329000 45
1329300 45
1329600 45
1329900 45
1330200 45
1330500 45
1330800 45
1331100 45
1331400 45
1331700 45
1332000 45
1332300 45
1332600 45
1332900 45
1333200 45
1333500 45
1333800 45
1334100 45
1334400 45
1334700 45
1335000 45
1335300 45
1335600 45
1335900 45
1336200 45
1336500 45
1336800 45
1337100 45
1337400 45
1337700 45
1338000 45
1338300 45
1338600 45
1338900 45
1339200 45
1339500 45
1339800 45
1340100 45
1340400 45
1340700 45
1341000 45
1341300 45
1341600 45
1341900 45
1342200 45
1342500 45
1342800 45
1343100 45
1343400 45
1343700 45
1344000 45
1344300 45
1344600 45
1344900 45
1345200 45
1345500 45
1345800 45
1346100 45
1346400 45
1346700 45
1347000 45
1347300 45
1347600 45
1347900 45
1348200 45
1348500 45
1348800 45
1349100 45
1349400 45
1349700 45
1350000 45
1350300 45
1350600 45
1350900 45
1351200 45
1351500 45
1351800 45
1352100 45
1352400 45
1352700 45
1353000 45
1353300 45
1353600 45
1353900 45
1354200 45
1354500 45
1354800 45
1355100 45
1355400 45
1355700 45
1356000 45
1356300 45
1356600 45
1356900 45
1357200 45
1357500 45
1357800 45
1358100 45
1358400 45
1358700 45
1359000 45
1359300 45
1359600 45
1359900 45
1360200 45
1360500 45
1360800 45
1361100 45
1361400 45
1361700 45
1362000 45
1362300 45
1362600 45
1362900 45
1363200 45
1363500 45
1363800 45
1364100 45
1364400 45
1364700 45
1365000 45
1365300 45
1365600 45
1365900 45
1366200 45
1366500 45
1366800 45
1367100 45
1367400 45
1367700 45
1368000 45
1368300 45
1368600 45
1368900 45
1369200 45
1369500 45
1369800 45
1370100 45
1370400 45
1370700 45
1371000 45
1371300 45
1371600 45
1371900 45
1372200 45
1372500 45
1372800 45
1373100 45
1373400 45
1373700 45
1374000 45
1374300 45
1374600 45
1374900 45
1375200 45
1375500 45
1375800 45
1376100 45
1376400 45
1376700 45
1377000 45
1377300 45
1377600 45
1377900 45
1378200 45
1378500 45
1378800 45
1379100 45
1379400 45
1379700 45
1380000 45
1380300 45
1380600 45
1380900 45
1381200 45
1381500 45
1381800 45
1382100 45
1382400 45
1382700 45
1383000 45
1383300 45
1383600 45
1383900 45
1384200 45
1384500 45
1384800 45
1385100 45
1385400 45
1385700 45
1386000 45
1386300 45
1386600 45
1386900 45
1387200 45
1387500 45
1387800 45
1388100 45
1388400 45
1388700 45
1389000 45
1389300 45
1389600 45
1389900 45
1390200 45
1390500 45
1390800 45
1391100 45
1391400 45
1391700 45
1392000 45
1392300 45
1392600 45
1392900 45
1393200 45
1393500 45
1393800 45
1394100 45
1394400 45
1394700 45
1395000 45
1395300 45
1395600 45
1395900 45
1396200 45
1396500 45
1396800 45
1397100 45
1397400 45
1397700 45
1398000 45
1398300 45
1398600 45
1398900 45
1399200 45
1399500 45
1399800 45
1400100 45
1400400 45
1400700 45
1401000 45
1401300 45
1401600 45
1401900 45
1402200 45
1402500 45
1402800 45
1403100 45
1403400 45
1403700 45
1404000 45
1404300 45
1404600 45
1404900 45
1405200 45
1405500 45
1405800 45
1406100 45
1406400 45
1406700 45
1407000 45
1407300 45
1407600 45
1407900 45
1408200 45
1408500 45
1408800 45
1409100 45
1409400 45
1409700 45
1410000 45
1410300 45
1410600 45
1410900 45
1411200 45
1411500 45
1411800 45
1412100 45
1412400 45
1412700 45
1413000 45
1413300 45
1413600 45
1413900 45
1414200 45
1414500 45
1414800 45
1415100 45
1415400 45
1415700 45
1416000 45
1416300 45
1416600 45
1416900 45
1417200 45
1417500 45
1417800 45
1418100 45
1418400 45
1418700 45
1419000 45
1419300 45
1419600 45
1419900 45
1420200 45
1420500 45
1420800 45
1421100 45
1421400 45
1421700 45
1422000 45
1422300 45
1422600 45
1422900 45
1423200 45
1423500 45
1423800 45
1424100 45
1424400 45
1424700 45
1425000 45
1425300 45
1425600 45
1425900 45
1426200 45
1426500 45
1426800 45
1427100 45
1427400 45
1427700 45
1428000 45
1428300 45
1428600 45
1428900 45
1429200 45
1429500 45
1429800 45
1430100 45
1430400 45
1430700 45
1431000 45
1431300 45
1431600 45
1431900 45
1432200 45
1432500 45
1432800 45
1433100 45
1433400 45
1433700 45
1434000 45
1434300 45
1434600 45
1434900 45
1435200 45
1435500 45
1435800 45
1436100 45
1436400 45
1436700 45
1437000 45
1437300 45
1437600 45
1437900 45
1438200 45
1438500 45
1438800 45
1439100 45
1439400 45
1439700 45
1440000 45
1440300 45
1440600 45
1440900 45
1441200 45
1441500 45
1441800 45
1442100 45
1442400 45
1442700 45
1443000 45
1443300 45
1443600 45
1443900 45
1444200 45
1444500 45
1444800 45
1445100 45
1445400 45
1445700 45
1446000 45
1446300 45
1446600 45
1446900 45
1447200 45
1447500 45
1447800 45
1448100 45
1448400 45
1448700 45
1449000 45
1449300 45
1449600 45
1449900 45
1450200 45
1450500 45
1450800 45
1451100 45
1451400 45
1451700 45
1452000 45
1452300 45
1452600 45
1452900 45
1453200 45
1453500 45
1453800 45
1454100 45
1454400 45
1454700 45
1455000 45
1455300 45
1455600 45
1455900 45
1456200 45
1456500 45
1456800 45
1457100 45
1457400 45
1457700 45
1458000 45
1458300 45
1458600 45
1458900 45
1459200 45
1459500 45
1459800 45
1460100 45
1460400 45
1460700 45
1461000 45
1461300 45
1461600 45
1461900 45
1462200 45
1462500 45
1462800 45
1463100 45
1463400 45
1463700 45
1464000 45
1464300 45
1464600 45
1464900 45
1465200 45
1465500 45
1465800 45
1466100 45
1466400 45
1466700 45
1467000 45
1467300 45
1467600 45
1467900 45
1468200 45
1468500 45
1468800 45
1469100 45
1469400 45
1469700 45
1470000 45
1470300 45
1470600 45
1470900 45
1471200 45
1471500 45
1471800 45
1472100 45
1472400 45
1472700 45
1473000 45
1473300 45
1473600 45
1473900 45
1474200 45
1474500 45
1474800 45
1475100 45
1475400 45
1475700 45
1476000 45
1476300 45
1476600 45
1476900 45
1477200 45
1477500 45
1477800 45
1478100 45
1478400 45
1478700 45
1479000 45
1479300 45
1479600 45
1479900 45
1480200 45
1480500 45
1480800 45
1481100 45
1481400 45
1481700 45
1482000 45
1482300 45
1482600 45
1482900 45
1483200 45
1483500 45
1483800 45
1484100 45
1484400 45
1484700 45
1485000 45
1485300 45
1485600 45
1485900 45
1486200 45
1486500 45
1486800 45
1487100 45
1487400 45
1487700 45
1488000 45
1488300 45
1488600 45
1488900 45
1489200 45
1489500 45
1489800 45
1490100 45
1490400 45
1490700 45
1491000 45
1491300 45
1491600 45
1491900 45
1492200 45
1492500 45
1492800 45
1493100 45
1493400 45
1493700 45
1494000 45
1494300 45
1494600 45
1494900 45
1495200 45
1495500 45
1495800 45
1496100 45
1496400 45
1496700 45
1497000 45
1497300 45
1497600 45
1497900 45
1498200 45
1498500 45
1498800 45
1499100 45
1499400 45
1499700 45
1500000 45
1500300 45
1500600 45
1500900 45
1501200 45
1501500 45
1501800 45
1502100 45
1502400 45
1502700 45
1503000 45
1503300 45
1503600 45
1503900 45
1504200 45
1504500 45
1504800 45
1505100 45
1505400 45
1505700 45
1506000 45
1506300 45
1506600 45
1506900 45
1507200 45
1507500 45
1507800 45
1508100 45
1508400 45
1508700 45
1509000 45
1509300 45
1509600 45
1509900 45
1510200 45
1510500 45
1510800 45
1511100 45
1511400 45
1511700 45
1512000 45
1512300 45
1512600 45
1512900 45
1513200 45
1513500 45
1513800 45
1514100 45
1514400 45
1514700 45
1515000 45
1515300 45
1515600 45
1515900 45
1516200 45
1516500 45
1516800 45
1517100 45
1517400 45
1517700 45
1518000 45
1518300 45
1518600 45
1518900 45
1519200 45
1519500 45
1519800 45
1520100 45
1520400 45
1520700 45
1521000 45
1521300 45
1521600 45
1521900 45
1522200 45
1522500 45
1522800 45
1523100 45
1523400 45
1523700 45
1524000 45
1524300 45
1524600 45
1524900 45
1525200 45
1525500 45
1525800 45
1526100 45
1526400 45
1526700 45
1527000 45
1527300 45
1527600 45
1527900 45
1528200 45
1528500 45
1528800 45
1529100 45
1529400 45
1529700 45
1530000 45
1530300 45
1530600 45
1530900 45
1531200 45
1531500 45
1531800 45
1532100 45
1532400 45
1532700 45
1533000 45
1533300 45
1533600 45
1533900 45
1534200 45
1534500 45
1534800 45
1535100 45
1535400 45
1535700 45
1536000 45
1536300 45
1536600 45
1536900 45
1537200 45
1537500 45
1537800 45
1538100 45
1538400 45
1538700 45
1539000 45
1539300 45
1539600 45
1539900 45
1540200 45
1540500 45
1540800 45
1541100 45
1541400 45
1541700 45
1542000 45
1542300 45
1542600 45
1542900 45
1543200 45
1543500 45
1543800 45
1544100 45
1544400 45
1544700 45
1545000 45
1545300 45
1545600 45
1545900 45
1546200 45
1546500 45
1546800 45
1547100 45
1547400 45
1547700 45
1548000 45
1548300 45
1548600 45
1548900 45
1549200 45
1549500 45
1549800 45
1550100 45
1550400 45
1550700 45
1551000 45
1551300 45
1551600 45
1551900 45
1552200 45
1552500 45
1552800 45
1553100 45
1553400 45
1553700 45
1554000 45
1554300 45
1554600 45
1554900 45
1555200 45
1555500 45
1555800 45
1556100 45
1556400 45
1556700 45
1557000 45
1557300 45
1557600 45
1557900 45
1558200 45
1558500 45
1558800 45
1559100 45
1559400 45
1559700 45
1560000 45
1560300 45
1560600 45
1560900 45
1561200 45
1561500 45
1561800 45
1562100 45
1562400 45
1562700 45
1563000 45
1563300 45
1563600 45
1563900 45
1564200 45
1564500 45
1564800 45
1565100 45
1565400 45
1565700 45
1566000 45
1566300 45
1566600 45
1566900 45
1567200 45
1567500 45
1567800 45
1568100 45
1568400 45
1568700 45
1569000 45
1569300 45
1569600 45
1569900 45
1570200 45
1570500 45
1570800 45
1571100 45
1571400 45
1571700 45
1572000 45
1572300 45
1572600 45
1572900 45
1573200 45
1573500 45
1573800 45
1574100 45
1574400 45
1574700 45
1575000 45
1575300 45
1575600 45
1575900 45
1576200 45
1576500 45
1576800 45
1577100 45
1577400 45
1577700 45
1578000 45
1578300 45
1578600 45
1578900 45
1579200 45
1579500 45
1579800 45
1580100 45
1580400 45
1580700 45
1581000 45
1581300 45
1581600 45
1581900 45
1582200 45
1582500 45
1582800 45
1583100 45
1583400 45
1583700 45
1584000 45
1584300 45
1584600 45
1584900 45
1585200 45
1585500 45
1585800 45
1586100 45
1586400 45
1586700 45
1587000 45
1587300 45
1587600 45
1587900 45
1588200 45
1588500 45
1588800 45
1589100 45
1589400 45
1589700 45
1590000 45
1590300 45
1590600 45
1590900 45
1591200 45
1591500 45
1591800 45
1592100 45
1592400 45
1592700 45
1593000 45
1593300 45
1593600 45
1593900 45
1594200 45
1594500 45
1594800 45
1595100 45
1595400 45
1595700 45
1596000 45
1596300 45
1596600 45
1596900 45
1597200 45
1597500 45
1597800 45
1598100 45
1598400 45
1598700 45
1599000 45
1599300 45
1599600 45
1599900 45
1600200 45
1600500 45
1600800 45
1601100 45
1601400 45
1601700 45
1602000 45
1602300 45
1602600 45
1602900 45
1603200 45
1603500 45
1603800 45
1604100 45
1604400 45
1604700 45
1605000 45
1605300 45
1605600 45
1605900 45
1606200 45
1606500 45
1606800 45
1607100 45
1607400 45
1607700 45
1608000 45
1608300 45
1608600 45
1608900 45
1609200 45
1609500 45
1609800 45
1610100 45
1610400 45
1610700 45
1611000 45
1611300 45
1611600 45
1611900 45
1612200 45
1612500 45
1612800 45
1613100 45
1613400 45
1613700 45
1614000 45
1614300 45
1614600 45
1614900 45
1615200 45
1615500 45
1615800 45
1616100 45
1616400 45
1616700 45
1617000 45
1617300 45
1617600 45
1617900 45
1618200 45
1618500 45
1618800 45
1619100 45
1619400 45
1619700 45
1620000 45
1620300 45
1620600 45
1620900 45
1621200 45
1621500 45
1621800 45
1622100 45
1622400 45
1622700 45
1623000 45
1623300 45
1623600 45
1623900 45
1624200 45
1624500 45
1624800 45
1625100 45
1625400 45
1625700 45
1626000 45
1626300 45
1626600 45
1626900 45
1627200 45
1627500 45
1627800 45
1628100 45
1628400 45
1628700 45
1629000 45
1629300 45
1629600 45
1629900 45
1630200 45
1630500 45
1630800 45
1631100 45
1631400 45
1631700 45
1632000 45
1632300 45
1632600 45
1632900 45
1633200 45
1633500 45
1633800 45
1634100 45
1634400 45
1634700 45
1635000 45
1635300 45
1635600 45
1635900 45
1636200 45
1636500 45
1636800 45
1637100 45
1637400 45
1637700 45
1638000 45
1638300 45
1638600 45
1638900 45
1639200 45
1639500 45
1639800 45
1640100 45
1640400 45
1640700 45
1641000 45
1641300 45
1641600 45
1641900 45
1642200 45
1642500 45
1642800 45
1643100 45
1643400 45
1643700 45
1644000 45
1644300 45
1644600 45
1644900 45
1645200 45
1645500 45
1645800 45
1646100 45
1646400 45
1646700 45
1647000 45
1647300 45
1647600 45
1647900 45
1648200 45
1648500 45
1648800 45
1649100 45
1649400 45
1649700 45
1650000 45
1650300 45
1650600 45
1650900 45
1651200 45
1651500 45
1651800 45
1652100 45
1652400 45
1652700 45
1653000 45
1653300 45
1653600 45
1653900 45
1654200 45
1654500 45
1654800 45
1655100 45
1655400 45
1655700 45
1656000 45
1656300 45
1656600 45
1656900 45
1657200 45
1657500 45
1657800 45
1658100 45
1658400 45
1658700 45
1659000 45
1659300 45
1659600 45
1659900 45
1660200 45
1660500 45
1660800 45
1661100 45
1661400 45
1661700 45
1662000 45
1662300 45
1662600 45
1662900 45
1663200 45
1663500 45
1663800 45
1664100 45
1664400 45
1664700 45
1665000 45
1665300 45
1665600 45
1665900 45
1666200 45
1666500 45
1666800 45
1667100 45
1667400 45
1667700 45
1668000 45
1668300 45
1668600 45
1668900 45
1669200 45
1669500 45
1669800 45
1670100 45
1670400 45
1670700 45
1671000 45
1671300 45
1671600 45
1671900 45
1672200 45
1672500 45
1672800 45
1673100 45
1673400 45
1673700 45
1674000 45
1674300 45
1674600 45
1674900 45
1675200 45
1675500 45
1675800 45
1676100 45
1676400 45
1676700 45
1677000 45
1677300 45
1677600 45
1677900 45
1678200 45
1678500 45
1678800 45
1679100 45
1679400 45
1679700 45
1680000 45
1680300 45
1680600 45
1680900 45
1681200 45
1681500 45
1681800 45
1682100 45
1682400 45
1682700 45
1683000 45
1683300 45
1683600 45
1683900 45
1684200 45
1684500 45
1684800 45
1685100 45
1685400 45
1685700 45
1686000 45
1686300 45
1686600 45
1686900 45
1687200 45
1687500 45
1687800 45
1688100 45
1688400 45
1688700 45
1689000 45
1689300 45
1689600 45
1689900 45
1690200 45
1690500 45
1690800 45
1691100 45
1691400 45
1691700 45
1692000 45
1692300 45
1692600 45
1692900 45
1693200 45
1693500 45
1693800 45
1694100 45
1694400 45
1694700 45
1695000 45
1695300 45
1695600 45
1695900 45
1696200 45
1696500 45
1696800 45
1697100 45
1697400 45
1697700 45
1698000 45
1698300 45
1698600 45
1698900 45
1699200 45
1699500 45
1699800 45
1700100 45
1700400 45
1700700 45
1701000 45
1701300 45
1701600 45
1701900 45
1702200 45
1702500 45
1702800 45
1703100 45
1703400 45
1703700 45
1704000 45
1704300 45
1704600 45
1704900 45
1705200 45
1705500 45
1705800 45
1706100 45
1706400 45
1706700 45
1707000 45
1707300 45
1707600 45
1707900 45
1708200 45
1708500 45
1708800 45
1709100 45
1709400 45
1709700 45
1710000 45
1710300 45
1710600 45
1710900 45
1711200 45
1711500 45
1711800 45
1712100 45
1712400 45
1712700 45
1713000 45
1713300 45
1713600 45
1713900 45
1714200 45
1714500 45
1714800 45
1715100 45
1715400 45
1715700 45
1716000 45
1716300 45
1716600 45
1716900 45
1717200 45
1717500 45
1717800 45
1718100 45
1718400 45
1718700 45
1719000 45
1719300 45
1719600 45
1719900 45
1720200 45
1720500 45
1720800 45
1721100 45
1721400 45
1721700 45
1722000 45
1722300 45
1722600 45
1722900 45
1723200 45
1723500 45
1723800 45
1724100 45
1724400 45
1724700 45
1725000 45
1725300 45
1725600 45
1725900 45
1726200 45
1726500 45
1726800 45
1727100 45
1727400 45
1727700 45
1728000 45
